
dig  :64
h    :00 00 00 00 00 00 00 00 00 00 00 00 00 00 00 00 00 00 00 00 00 00 00 00 00 00 00 00 00 00 00 00 00 00 00 00 00 00 00 00 00 00 00 00 00 00 00 00 00 00 00 00 00 00 00 00 00 00 00 00 00 00 00 00 
n    :00 00 00 00 00 00 00 00 00 00 00 00 00 00 00 00 00 00 00 00 00 00 00 00 00 00 00 00 00 00 00 00 00 00 00 00 00 00 00 00 00 00 00 00 00 00 00 00 00 00 00 00 00 00 00 00 00 00 00 00 00 00 00 00 
sigma:00 00 00 00 00 00 00 00 00 00 00 00 00 00 00 00 00 00 00 00 00 00 00 00 00 00 00 00 00 00 00 00 00 00 00 00 00 00 00 00 00 00 00 00 00 00 00 00 00 00 00 00 00 00 00 00 00 00 00 00 00 00 00 00 
buff : (0) bytes

stage3

h

       ------------------------------------------------------------------------------------------------
      00 01 02 03 04 05 06 07 08 09 10 11 12 13 14 15   16 17 18 19 20 21 22 23 24 25 26 27 28 29 30 31 
ymm00 c6 a5 88 1e 0a 0e a0 ba 7a 9d 6d 86 87 78 ed 85   00 00 00 00 00 00 00 00 00 00 00 00 00 00 00 00 
ymm01 b5 a4 3c 63 c8 57 2b 5d 17 0e f5 0b f4 e5 5b 34   00 00 00 00 00 00 00 00 00 00 00 00 00 00 00 00 

       ------------------------------------------------------------------------------------------------

N
00 18 00 00 00 00 00 00 00 00 00 00 00 00 00 00   00 00 00 00 00 00 00 00 00 00 00 00 00 00 00 00   00 00 00 00 00 00 00 00 00 00 00 00 00 00 00 00   00 00 00 00 00 00 00 00 00 00 00 00 00 00 00 00 

Sigma
6d 70 71 73 74 75 76 78 79 7a 71 73 74 75 76 78   79 7a 7b 7d 74 75 76 78 79 7a 7b 7d 7e 7f 76 78   79 7a 7b 7d 7e 7f 80 78 6f 70 71 72 73 74 75 76   77 78 6f 70 71 72 73 74 75 76 77 78 6f 70 71 6f 
30 30 30 30 30 30 30 30 30 30 30 30 30 30 30 30   30 30 30 30 30 30 30 30 30 30 30 30 30 30 30 30   30 30 30 30 30 30 30 30 30 30 30 01 00 00 00 00   00 00 00 00 00 00 00 00 00 00 00 00 00 00 00 00 

h

       ------------------------------------------------------------------------------------------------
      00 01 02 03 04 05 06 07 08 09 10 11 12 13 14 15   16 17 18 19 20 21 22 23 24 25 26 27 28 29 30 31 
ymm00 e4 c3 ae dc 9b 3f 09 1f 9c 85 fb 5c ab fb c1 cb   a9 60 e0 0c 9c 5e 6d 3e 5e 89 1c 46 49 55 1d 8e 
ymm01 31 09 70 30 8c e3 1a d6 98 74 4f dc 27 27 3f 65   65 0e 54 9b 8b 87 7c 41 0f 94 eb f9 2f a4 17 76 

       ------------------------------------------------------------------------------------------------

N
58 19 00 00 00 00 00 00 00 00 00 00 00 00 00 00   00 00 00 00 00 00 00 00 00 00 00 00 00 00 00 00   00 00 00 00 00 00 00 00 00 00 00 00 00 00 00 00   00 00 00 00 00 00 00 00 00 00 00 00 00 00 00 00 

Sigma
9d a0 a1 a3 a4 a5 a6 a8 a9 aa a1 a3 a4 a5 a6 a8   a9 aa ab ad a4 a5 a6 a8 a9 aa ab ad ae af a6 a8   a9 aa ab ad ae af b0 a8 9f a0 a1 73 73 74 75 76   77 78 6f 70 71 72 73 74 75 76 77 78 6f 70 71 6f 
digest:
39 42 f2 c2 f3 48 4b c4 d8 77 e6 cc 72 a9 68 df   d7 71 97 06 fc d5 14 a8 72 80 71 38 c3 22 aa 99   76 e7 7c e1 8e 19 00 f8 8a 56 7c fd 7f c1 e6 d6   85 a1 0a 78 ab e6 39 60 fb d2 89 25 38 88 86 4e 
